0  0  1
0  0  2
0  0  3
0  0  4
0  0  5
6  0  7
6  0  8
4  0  9
4  0  10
3  0  11
12  0  13
12  0  14
12  0  15
12  0  16
12  0  17
12  0  18
12  0  19
20  0  21
20  0  22
20  0  23
20  0  24
20  0  25
20  0  26
20  0  27
20  0  28
20  0  29
20  0  30
20  0  31
32  0  33
32  0  34
32  0  35
32  0  36
32  0  37
32  0  38
32  0  39
32  0  40
32  0  41
32  0  42
32  0  43
32  0  44
34  0  45
34  0  46
36  0  47
37  0  48
37  0  49
37  0  50
39  0  51
39  0  52
39  0  53
54  0  55
54  0  56
54  0  57
54  0  58
54  0  59
54  0  60
54  0  61
54  0  62
54  0  63
55  0  64
55  0  65
56  0  66
56  0  67
56  0  68
56  0  69
57  0  70
57  0  71
57  0  72
57  0  73
61  0  74
61  0  75
60  0  76
60  0  77
60  0  78
59  0  79
59  0  80
58  0  81
58  0  82
58  0  83
58  0  84
58  0  85
58  0  86
81  0  87
81  0  88
81  0  89
90  0  91
90  0  92
90  0  93
90  0  94
90  0  95
90  0  96
90  0  97
90  0  98
90  0  99
90  0  100
90  0  101
90  0  102
90  0  103
90  0  104
90  0  105
90  0  106
92  0  107
92  0  108
92  0  109
98  0  110
98  0  111
98  0  112
113  0  114
113  0  115
113  0  116
113  0  117
113  0  118
113  0  119
113  0  120
121  0  122
121  0  113
121  0  114
121  0  115
121  0  116
121  0  123
124  0  125
124  0  126
124  0  127
127  0  128
127  0  129
127  0  130
127  0  131
132  0  133
132  0  134
132  0  135
132  0  136
132  0  137
132  0  138
132  0  139
133  0  140
133  0  141
133  0  142
133  0  143
137  0  144
137  0  145
138  0  146
138  0  147
138  0  148
136  0  149
136  0  150
136  0  151
136  0  152
136  0  153
132  1  124
133  1  137
137  1  135
137  1  126
139  1  138
124  1  121
58  1  126
126  1  125
130  1  128
129  1  128
131  1  128
126  1  154
130  1  125
129  1  125
126  1  155
121  1  113
156  1  123
157  1  156
157  1  123
157  1  115
123  1  116
158  1  123
158  1  115
154  1  157
154  1  158
154  1  123
116  1  34
116  1  118
116  1  120
115  1  116
115  1  117
115  1  118
126  1  115
113  1  90
90  1  20
90  1  32
57  1  100
57  1  101
57  1  102
57  1  103
107  1  109
107  1  91
91  1  94
91  1  93
91  1  95
94  1  96
93  1  95
95  1  96
95  1  97
97  1  110
110  1  111
110  1  112
70  1  33
159  1  59
55  1  56
55  1  61
55  1  75
55  1  21
55  1  13
55  1  17
55  1  16
55  1  57
55  1  58
63  1  55
56  1  60
56  1  58
60  1  16
57  1  58
57  1  21
32  1  20
32  1  12
39  1  38
33  1  44
33  1  51
33  1  37
33  1  13
44  1  160
44  1  52
44  1  53
44  1  37
44  1  161
161  1  162
161  1  163
20  1  12
20  1  0
22  1  21
21  1  25
21  1  31
21  1  23
31  1  29
31  1  28
31  1  27
29  1  28
29  1  24
24  1  23
12  1  0
13  1  18
13  1  19
19  1  18
159  1  2
164  1  2
2  1  4
2  1  5
2  1  8
2  1  3
3  1  4
3  1  5
3  1  8
165  2  132
165  2  133
165  2  134
165  2  135
165  2  136
165  2  137
165  2  138
165  2  144
165  2  160
165  2  161
165  2  162
165  2  162
166  2  0
166  2  1
166  2  2
166  2  3
166  2  7
166  2  10
166  2  24
166  2  25
166  2  26
166  2  27
167  2  32
167  2  33
167  2  34
167  2  35
167  2  36
167  2  37
167  2  38
167  2  39
167  2  57
